MEME version 4

ALPHABET= ACGT

strands: + -

Background letter frequencies
A 0.25 C 0.25 G 0.25 T 0.25

MOTIF Erg_MA0474.1
letter-probability matrix: alength= 4 w= 11 nsites= 16727 E= 0
 0.563759  0.013810  0.351169  0.071262
 0.088061  0.626711  0.283135  0.002092
 0.956956  0.041430  0.001614  0.000000
 0.000000  0.000000  1.000000  0.000000
 0.000000  0.000000  1.000000  0.000000
 1.000000  0.000000  0.000000  0.000000
 0.991212  0.000000  0.000000  0.008788
 0.193938  0.000000  0.806062  0.000000
 0.093860  0.241406  0.128296  0.536438
 0.296108  0.089556  0.490465  0.123872
 0.272494  0.147905  0.480780  0.098822
URL http://jaspar.genereg.net/matrix/MA0474.1

MOTIF ERG_MOUSE.H11MO.0.A
letter-probability matrix: alength= 4 w= 14 nsites= 500
0.286	0.21999999999999997	0.38799999999999996	0.106
0.282	0.22599999999999998	0.37599999999999995	0.11599999999999999
0.48599999999999993	0.106	0.306	0.102
0.09000000000000001	0.742	0.162	0.006000000000000001
0.49	0.494	0.01	0.006000000000000001
0.008	0.002	0.988	0.002
0.006000000000000001	0.006000000000000001	0.988	0.0
0.99	0.004	0.002	0.004
0.9380000000000001	0.004	0.01	0.048
0.282	0.011999999999999999	0.6759999999999999	0.029999999999999995
0.142	0.306	0.13999999999999999	0.412
0.276	0.126	0.456	0.14200000000000002
0.274	0.22599999999999998	0.39599999999999996	0.104
0.236	0.298	0.372	0.09399999999999999
URL http://hocomoco.autosome.ru/motif/ERG_MOUSE.H11MO.0.A

MOTIF GATA2_MOUSE.H11MO.0.A
letter-probability matrix: alength= 4 w= 11 nsites= 500
0.35000000000000003	0.116	0.332	0.202
0.16399999999999998	0.43599999999999994	0.348	0.052
0.752	0.01	0.006000000000000001	0.232
0.0	0.002	0.994	0.004
0.978	0.014	0.006000000000000001	0.002
0.016	0.04	0.048	0.896
0.862	0.05	0.03	0.058
0.77	0.022000000000000002	0.186	0.022000000000000002
0.148	0.23999999999999996	0.568	0.044
0.418	0.174	0.37	0.038
0.418	0.144	0.274	0.16399999999999998
URL http://hocomoco.autosome.ru/motif/GATA2_MOUSE.H11MO.0.A

MOTIF RUNX1_MA0002.2 
letter-probability matrix: alength= 4 w= 11 nsites= 2000 E= 0
 0.143500  0.248000  0.348000  0.260500
 0.117000  0.242500  0.233500  0.407000
 0.061500  0.536000  0.074500  0.328000
 0.028500  0.000000  0.003500  0.968000
 0.000000  0.037500  0.936000  0.026500
 0.043500  0.063500  0.035000  0.858000
 0.000000  0.000000  0.993500  0.006500
 0.008500  0.021000  0.924000  0.046500
 0.005000  0.200000  0.125500  0.669500
 0.065500  0.231500  0.040500  0.662500
 0.250000  0.079000  0.144500  0.526500
URL http://jaspar.genereg.net/matrix/MA0002.2

MOTIF RUNX1_MOUSE.H11MO.0.A
letter-probability matrix: alength= 4 w= 12 nsites= 500
0.11399999999999999	0.274	0.356	0.256
0.11399999999999999	0.282	0.19199999999999998	0.412
0.072	0.5079999999999999	0.044	0.37599999999999995
0.02	0.004	0.006000000000000001	0.97
0.006000000000000001	0.006000000000000001	0.986	0.002
0.048	0.096	0.008	0.848
0.002	0.0	0.998	0.0
0.006000000000000001	0.004	0.99	0.0
0.006000000000000001	0.066	0.07200000000000001	0.856
0.041999999999999996	0.23399999999999999	0.02	0.704
0.33399999999999996	0.038	0.106	0.522
0.122	0.30400000000000005	0.34600000000000003	0.228
URL http://hocomoco.autosome.ru/motif/RUNX1_MOUSE.H11MO.0.A

MOTIF Gfi1b_MA0483.1 
letter-probability matrix: alength= 4 w= 11 nsites= 1761 E= 0
 0.638274  0.248722  0.059057  0.053947
 1.000000  0.000000  0.000000  0.000000
 0.998864  0.000000  0.001136  0.000000
 0.000000  0.191936  0.015900  0.792164
 0.000000  1.000000  0.000000  0.000000
 0.586599  0.011925  0.000000  0.401476
 0.034639  0.745031  0.220329  0.000000
 0.633731  0.000000  0.000568  0.365701
 0.032368  0.000568  0.951732  0.015332
 0.080636  0.754117  0.043157  0.122090
 0.420216  0.245883  0.073822  0.260080
URL http://jaspar.genereg.net/matrix/MA0483.1

MOTIF GFI1B_MOUSE.H11MO.0.A
letter-probability matrix: alength= 4 w= 10 nsites= 500
0.19799999999999998	0.029999999999999995	0.512	0.26
0.07400000000000001	0.758	0.052000000000000005	0.116
0.32599999999999996	0.049999999999999996	0.006	0.618
0.006000000000000001	0.196	0.73	0.068
0.24199999999999997	0.006	0.01	0.742
0.008	0.004	0.98	0.008
0.638	0.029999999999999995	0.32599999999999996	0.006
0.006000000000000001	0.028	0.026000000000000002	0.9400000000000001
0.018000000000000002	0.006000000000000001	0.10400000000000001	0.872
0.046	0.09399999999999999	0.18999999999999997	0.6699999999999999
URL http://hocomoco.autosome.ru/motif/GFI1B_MOUSE.H11MO.0.A

MOTIF Sfpi1_M6122_1.02 

letter-probability matrix: alength= 4 w= 15 nsites= 1 E= 0
  0.492147	  0.209424	  0.178010	  0.120419	
  0.486911	  0.089005	  0.308901	  0.115183	
  0.638743	  0.041885	  0.235602	  0.083770	
  0.706807	  0.052356	  0.193717	  0.047120	
  0.643979	  0.005236	  0.151832	  0.198953	
  0.251309	  0.104712	  0.628272	  0.015707	
  0.691100	  0.073298	  0.214660	  0.020942	
  0.109948	  0.000000	  0.890052	  0.000000	
  0.031414	  0.000000	  0.968586	  0.000000	
  0.989529	  0.000000	  0.010471	  0.000000	
  1.000000	  0.000000	  0.000000	  0.000000	
  0.099476	  0.052356	  0.837697	  0.010471	
  0.157068	  0.052356	  0.136126	  0.654450	
  0.151832	  0.162304	  0.612566	  0.073298	
  0.429319	  0.094241	  0.335079	  0.141361	

URL http://cisbp.ccbr.utoronto.ca/TFreport.php?searchTF=T078264_1.02


MOTIF Sfpi1_primary_UP00085_1 

letter-probability matrix: alength= 4 w= 14 nsites= 20 E= 0
  0.211586	  0.273653	  0.234763	  0.279998	
  0.298032	  0.104818	  0.290385	  0.306764	
  0.593467	  0.048056	  0.154602	  0.203875	
  0.459746	  0.052697	  0.169949	  0.317608	
  0.188623	  0.155357	  0.591543	  0.064477	
  0.402746	  0.286227	  0.290285	  0.020742	
  0.048569	  0.001240	  0.946397	  0.003793	
  0.004354	  0.001387	  0.990819	  0.003441	
  0.974272	  0.001416	  0.001466	  0.022847	
  0.938748	  0.003090	  0.000833	  0.057329	
  0.045831	  0.270321	  0.674644	  0.009204	
  0.055664	  0.092552	  0.026061	  0.825722	
  0.301235	  0.122653	  0.267039	  0.309073	
  0.278680	  0.276099	  0.219159	  0.226061	

URL http://the_brain.bwh.harvard.edu/uniprobe/details2.php?id=00085


MOTIF Sfpi1_secondary_UP00085_2 

letter-probability matrix: alength= 4 w= 14 nsites= 20 E= 0
  0.258850	  0.404047	  0.118755	  0.218348	
  0.407411	  0.209199	  0.177959	  0.205430	
  0.663761	  0.052852	  0.146297	  0.137089	
  0.479949	  0.060152	  0.029036	  0.430863	
  0.220887	  0.085462	  0.024186	  0.669465	
  0.211993	  0.111100	  0.120358	  0.556550	
  0.313150	  0.360343	  0.156354	  0.170153	
  0.308131	  0.323440	  0.294899	  0.073530	
  0.219945	  0.060802	  0.664830	  0.054423	
  0.117625	  0.080553	  0.728331	  0.073491	
  0.725502	  0.039058	  0.095272	  0.140168	
  0.730077	  0.107252	  0.036034	  0.126638	
  0.216907	  0.541025	  0.123234	  0.118835	
  0.218267	  0.479050	  0.115849	  0.186834	

URL http://the_brain.bwh.harvard.edu/uniprobe/details2.php?id=00085

MOTIF MEIS1_MOUSE.H11MO.0.A
letter-probability matrix: alength= 4 w= 12 nsites= 499
0.4408817635270541	0.12625250501002003	0.25250501002004005	0.18036072144288579
0.18837675350701402	0.0020040080160320644	0.016032064128256515	0.7935871743486974
0.07414829659318638	0.020040080160320644	0.8837675350701403	0.022044088176352707
0.9799599198396793	0.006012024048096193	0.006012024048096193	0.008016032064128258
0.03206412825651303	0.03807615230460922	0.03807615230460922	0.8917835671342685
0.1282565130260521	0.01002004008016032	0.1062124248496994	0.7555110220440882
0.19238476953907815	0.03206412825651302	0.2605210420841683	0.5150300601202404
0.9759519038076152	0.004008016032064129	0.016032064128256515	0.004008016032064129
0.034068136272545096	0.07014028056112225	0.03006012024048096	0.8657314629258517
0.15430861723446893	0.044088176352705406	0.531062124248497	0.27054108216432865
0.3046092184368738	0.06412825651302606	0.44488977955911824	0.18637274549098198
0.12424849699398798	0.37474949899799603	0.25651302605210424	0.24448897795591182
URL http://hocomoco.autosome.ru/motif/MEIS1_MOUSE.H11MO.0.A

MOTIF Meis1_MA0498.1 
letter-probability matrix: alength= 4 w= 15 nsites= 2607 E= 0
 0.514384  0.046797  0.191408  0.247411
 0.065593  0.291139  0.542386  0.100882
 0.046414  0.924818  0.001151  0.027618
 0.000000  0.000000  0.000000  1.000000
 0.000000  0.000000  1.000000  0.000000
 0.032605  0.019179  0.000000  0.948216
 0.000000  1.000000  0.000000  0.000000
 0.942846  0.000000  0.000000  0.057154
 0.100115  0.427695  0.412351  0.059839
 0.128117  0.205984  0.100882  0.565017
 0.067127  0.564634  0.189490  0.178750
 0.406214  0.209820  0.055619  0.328347
 0.197545  0.307633  0.266974  0.227848
 0.181051  0.386268  0.205600  0.227081
 0.202915  0.282317  0.184120  0.330648
URL http://jaspar.genereg.net/matrix/MA0498.1

MOTIF TAL1_MOUSE.H11MO.0.A
letter-probability matrix: alength= 4 w= 20 nsites= 500
0.114	0.54	0.202	0.14400000000000002
0.06999999999999999	0.19599999999999998	0.134	0.6
0.018	0.044	0.6519999999999999	0.286
0.09000000000000001	0.272	0.43	0.20800000000000002
0.178	0.264	0.294	0.264
0.26	0.21799999999999997	0.272	0.24999999999999997
0.26	0.21799999999999997	0.32599999999999996	0.19599999999999998
0.288	0.19999999999999998	0.268	0.24399999999999997
0.23600000000000002	0.242	0.272	0.25
0.41000000000000003	0.14	0.252	0.198
0.18	0.38599999999999995	0.33999999999999997	0.09399999999999999
0.6839999999999999	0.018	0.0	0.298
0.002	0.0	0.998	0.0
0.99	0.002	0.002	0.006000000000000001
0.006000000000000001	0.012	0.008	0.974
0.982	0.002	0.0	0.016
0.924	0.006000000000000001	0.056	0.014
0.154	0.176	0.602	0.068
0.39799999999999996	0.182	0.374	0.046
0.388	0.216	0.254	0.14200000000000002
URL http://hocomoco.autosome.ru/motif/TAL1_MOUSE.H11MO.0.A

MOTIF Tal1_Gata1_MA0140.1 
letter-probability matrix: alength= 4 w= 18 nsites= 2942 E= 0
 0.135962  0.451734  0.210061  0.202243
 0.088715  0.150918  0.176751  0.583617
 0.044497  0.061821  0.652514  0.241168
 0.089983  0.253311  0.416978  0.239728
 0.227165  0.215620  0.263158  0.294058
 0.238031  0.233277  0.306621  0.222071
 0.225390  0.252885  0.318398  0.203327
 0.241941  0.237190  0.302341  0.218527
 0.248898  0.224483  0.292302  0.234317
 0.338086  0.138153  0.319077  0.204684
 0.178947  0.397963  0.305942  0.117148
 0.664744  0.010519  0.012555  0.312182
 0.001018  0.002376  0.996606  0.000000
 0.993553  0.002375  0.000679  0.003393
 0.005433  0.008829  0.010187  0.975552
 0.941216  0.002039  0.007815  0.048930
 0.809378  0.017329  0.127761  0.045532
 0.186054  0.187075  0.544558  0.082313
URL http://jaspar.genereg.net/matrix/MA0140.1

MOTIF LYL1_MOUSE.H11MO.0.A
letter-probability matrix: alength= 4 w= 14 nsites= 453
0.2052980132450331	0.4415011037527594	0.20309050772626933	0.1501103752759382
0.14569536423841062	0.695364238410596	0.026490066225165563	0.13245033112582782
0.6401766004415012	0.05077262693156733	0.046357615894039736	0.26269315673289184
0.057395143487858714	0.1258278145695364	0.49006622516556286	0.32671081677704195
0.13024282560706402	0.7306843267108168	0.04415011037527594	0.09492273730684327
0.10596026490066225	0.0	0.006622516556291392	0.8874172185430463
0.002207505518763797	0.17660044150110377	0.8101545253863135	0.011037527593818985
0.006622516556291391	0.29801324503311255	0.18101545253863133	0.5143487858719646
0.06181015452538632	0.20750551876379691	0.2207505518763797	0.5099337748344371
0.20750551876379691	0.2207505518763797	0.13024282560706402	0.4415011037527594
0.044150110375275935	0.5121412803532008	0.11920529801324502	0.32450331125827814
0.09492273730684327	0.5805739514348787	0.11037527593818985	0.2141280353200883
0.141280353200883	0.18763796909492272	0.18101545253863133	0.49006622516556286
0.11920529801324503	0.2737306843267108	0.37969094922737306	0.22737306843267108
URL http://hocomoco.autosome.ru/motif/LYL1_MOUSE.H11MO.0.A

MOTIF FLI1_MOUSE.H11MO.0.A
letter-probability matrix: alength= 4 w= 14 nsites= 500
0.118	0.262	0.5539999999999999	0.066
0.202	0.23	0.484	0.084
0.24399999999999997	0.26	0.39999999999999997	0.09599999999999999
0.336	0.08600000000000001	0.474	0.10400000000000001
0.05399999999999999	0.6599999999999999	0.268	0.018
0.284	0.6519999999999999	0.046	0.018
0.01	0.008	0.978	0.004
0.01	0.0	0.978	0.012
0.986	0.006000000000000001	0.0	0.008
0.968	0.002	0.012	0.018000000000000002
0.168	0.008	0.8180000000000001	0.006000000000000001
0.102	0.37799999999999995	0.11999999999999998	0.39999999999999997
0.142	0.142	0.6539999999999999	0.06199999999999999
0.19399999999999998	0.258	0.49999999999999994	0.047999999999999994
URL http://hocomoco.autosome.ru/motif/FLI1_MOUSE.H11MO.0.A


